# Created by Octave 3.8.1, Tue Sep 13 07:53:51 2016 MDT <shi@shi-VirtualBox>
# name: W1
# type: matrix
# rows: 2
# columns: 3
 2.93518326055363 -4.155455975443089 3.42795841814726
 2.627475602851479 0.7513551750200831 -0.7517530649430938


# name: W2
# type: matrix
# rows: 3
# columns: 2
 4.404721928855807 -4.342318618209929
 4.843016377929479 -4.819001405717803
 -2.66218456016925 2.787057954352988


# name: b1
# type: matrix
# rows: 1
# columns: 3
 -2.338065528369906 4.956563692294808 1.284850782020373


# name: b2
# type: matrix
# rows: 1
# columns: 2
 -0.9827556430353813 0.9827556430353903


