# Created by Octave 4.0.0, Tue Sep 13 19:35:02 2016 MDT <seki@seki-MacBookPro>
# name: W1
# type: matrix
# rows: 2
# columns: 3
 4.155455842638847 3.427960518488955 -2.935183730175645
 -0.7513550123133476 -0.7517549349683935 -2.627476281284758


# name: W2
# type: matrix
# rows: 3
# columns: 2
 -4.803809337894319 4.85821564556387
 -2.667541671989142 2.781698093549184
 -4.276280521350957 4.470760814752155


# name: b1
# type: matrix
# rows: 1
# columns: 3
 -4.956563894118385 1.284852111754312 2.338066442818445


# name: b2
# type: matrix
# rows: 1
# columns: 2
 -0.9827584223046973 0.9827584223046921


